0.0 0.0
0.01 0.025
0.02 0.05
0.03 0.075
0.04 0.1
0.05 0.125
0.06 0.15
0.07 0.17500000000000002
0.08 0.2
0.09 0.22499999999999998
0.1 0.25
0.11 0.275
0.12 0.3
0.13 0.325
0.14 0.35000000000000003
0.15 0.375
0.16 0.4
0.17 0.42500000000000004
0.18 0.44999999999999996
0.19 0.475
0.2 0.5
0.21 0.525
0.22 0.55
0.23 0.5750000000000001
0.24 0.6
0.25 0.625
0.26 0.65
0.27 0.675
0.28 0.7000000000000001
0.29 0.725
0.3 0.75
0.31 0.775
0.32 0.8
0.33 0.8250000000000001
0.34 0.8500000000000001
0.35 0.875
0.36 0.8999999999999999
0.37 0.925
0.38 0.95
0.39 0.9750000000000001
0.4 1.0
0.41 0.9750000000000001
0.42 0.95
0.43 0.925
0.44 0.8999999999999999
0.45 0.875
0.46 0.8499999999999999
0.47 0.8250000000000002
0.48 0.8
0.49 0.7749999999999999
0.5 0.75
0.51 0.7250000000000001
0.52 0.7
0.53 0.6749999999999998
0.54 0.6499999999999999
0.55 0.625
0.56 0.5999999999999999
0.57 0.5750000000000002
0.58 0.55
0.59 0.5250000000000001
0.6 0.5
0.61 0.4750000000000001
0.62 0.44999999999999996
0.63 0.42500000000000004
0.64 0.3999999999999999
0.65 0.375
0.66 0.34999999999999987
0.67 0.32499999999999996
0.68 0.2999999999999998
0.69 0.27500000000000013
0.7 0.25
0.71 0.2250000000000001
0.72 0.20000000000000018
0.73 0.17500000000000004
0.74 0.1499999999999999
0.75 0.125
0.76 0.10000000000000009
0.77 0.07499999999999996
0.78 0.04999999999999982
0.79 0.02499999999999991
0.8 0.0
0.81 0.0
0.82 0.0
0.83 0.0
0.84 0.0
0.85 0.0
0.86 0.0
0.87 0.0
0.88 0.0
0.89 0.0
0.9 0.0
0.91 0.0
0.92 0.0
0.93 0.0
0.94 0.0
0.95 0.0
0.96 0.0
0.97 0.0
0.98 0.0
0.99 0.0
1.0 0.0
1.01 0.0
1.02 0.0
1.03 0.0
1.04 0.0
1.05 0.0
1.06 0.0
1.07 0.0
1.08 0.0
1.09 0.0
1.1 0.0
1.11 0.0
1.12 0.0
1.13 0.0
1.14 0.0
1.15 0.0
1.16 0.0
1.17 0.0
1.18 0.0
1.19 0.0
1.2 0.0
1.21 0.0
1.22 0.0
1.23 0.0
1.24 0.0
1.25 0.0
1.26 0.0
1.27 0.0
1.28 0.0
1.29 0.0
1.3 0.0
1.31 0.0
1.32 0.0
1.33 0.0
1.34 0.0
1.35 0.0
1.36 0.0
1.37 0.0
1.38 0.0
1.39 0.0
1.4 0.0
1.41 0.0
1.42 0.0
1.43 0.0
1.44 0.0
1.45 0.0
1.46 0.0
1.47 0.0
1.48 0.0
1.49 0.0
1.5 0.0
1.51 0.0
1.52 0.0
1.53 0.0
1.54 0.0
1.55 0.0
1.56 0.0
1.57 0.0
1.58 0.0
1.59 0.0
1.6 0.0
1.61 0.0
1.62 0.0
1.63 0.0
1.64 0.0
1.65 0.0
1.66 0.0
1.67 0.0
1.68 0.0
1.69 0.0
1.7 0.0
1.71 0.0
1.72 0.0
1.73 0.0
1.74 0.0
1.75 0.0
1.76 0.0
1.77 0.0
1.78 0.0
1.79 0.0
1.8 0.0
1.81 0.0
1.82 0.0
1.83 0.0
1.84 0.0
1.85 0.0
1.86 0.0
1.87 0.0
1.88 0.0
1.89 0.0
1.9 0.0
1.91 0.0
1.92 0.0
1.93 0.0
1.94 0.0
1.95 0.0
1.96 0.0
1.97 0.0
1.98 0.0
1.99 0.0
2.0 0.0
